0.000000000000000000e+00 9.000000000000001922e-06 0.000000000000000000e+00 1.000000000000000167e-06 9.000000000000001922e-06 0.000000000000000000e+00
0.000000000000000000e+00 9.000000000000001922e-06 1.000000000000000167e-06 1.000000000000000167e-06 9.000000000000001922e-06 1.000000000000000167e-06
0.000000000000000000e+00 9.000000000000001922e-06 2.000000000000000333e-06 1.000000000000000167e-06 9.000000000000001922e-06 2.000000000000000333e-06
0.000000000000000000e+00 9.000000000000001922e-06 3.000000000000000500e-06 1.000000000000000167e-06 9.000000000000001922e-06 3.000000000000000500e-06
0.000000000000000000e+00 9.000000000000001922e-06 4.000000000000000666e-06 1.000000000000000167e-06 9.000000000000001922e-06 4.000000000000000666e-06
0.000000000000000000e+00 9.000000000000001922e-06 5.000000000000001256e-06 1.000000000000000167e-06 9.000000000000001922e-06 5.000000000000001256e-06
0.000000000000000000e+00 9.000000000000001922e-06 6.000000000000000999e-06 1.000000000000000167e-06 9.000000000000001922e-06 6.000000000000000999e-06
0.000000000000000000e+00 9.000000000000001922e-06 7.000000000000000742e-06 1.000000000000000167e-06 9.000000000000001922e-06 7.000000000000000742e-06
0.000000000000000000e+00 9.000000000000001922e-06 8.000000000000001332e-06 1.000000000000000167e-06 9.000000000000001922e-06 8.000000000000001332e-06
0.000000000000000000e+00 9.000000000000001922e-06 9.000000000000001922e-06 1.000000000000000167e-06 9.000000000000001922e-06 9.000000000000001922e-06
0.000000000000000000e+00 9.000000000000001922e-06 1.000000000000000251e-05 1.000000000000000167e-06 9.000000000000001922e-06 1.000000000000000251e-05
0.000000000000000000e+00 9.000000000000001922e-06 1.100000000000000141e-05 1.000000000000000167e-06 9.000000000000001922e-06 1.100000000000000141e-05
0.000000000000000000e+00 9.000000000000001922e-06 1.200000000000000200e-05 1.000000000000000167e-06 9.000000000000001922e-06 1.200000000000000200e-05
0.000000000000000000e+00 9.000000000000001922e-06 1.300000000000000259e-05 1.000000000000000167e-06 9.000000000000001922e-06 1.300000000000000259e-05
0.000000000000000000e+00 9.000000000000001922e-06 1.400000000000000148e-05 1.000000000000000167e-06 9.000000000000001922e-06 1.400000000000000148e-05
0.000000000000000000e+00 9.000000000000001922e-06 1.500000000000000207e-05 1.000000000000000167e-06 9.000000000000001922e-06 1.500000000000000207e-05
0.000000000000000000e+00 9.000000000000001922e-06 1.600000000000000266e-05 1.000000000000000167e-06 9.000000000000001922e-06 1.600000000000000266e-05
0.000000000000000000e+00 9.000000000000001922e-06 1.700000000000000325e-05 1.000000000000000167e-06 9.000000000000001922e-06 1.700000000000000325e-05
0.000000000000000000e+00 9.000000000000001922e-06 1.800000000000000384e-05 1.000000000000000167e-06 9.000000000000001922e-06 1.800000000000000384e-05
0.000000000000000000e+00 9.000000000000001922e-06 1.900000000000000443e-05 1.000000000000000167e-06 9.000000000000001922e-06 1.900000000000000443e-05
1.000000000000000167e-06 9.000000000000001922e-06 0.000000000000000000e+00 2.000000000000000333e-06 9.000000000000001922e-06 0.000000000000000000e+00
2.000000000000000333e-06 9.000000000000001922e-06 0.000000000000000000e+00 3.000000000000000500e-06 9.000000000000001922e-06 0.000000000000000000e+00
3.000000000000000500e-06 9.000000000000001922e-06 0.000000000000000000e+00 4.000000000000000666e-06 9.000000000000001922e-06 0.000000000000000000e+00
4.000000000000000666e-06 9.000000000000001922e-06 0.000000000000000000e+00 5.000000000000001256e-06 9.000000000000001922e-06 0.000000000000000000e+00
5.000000000000001256e-06 9.000000000000001922e-06 0.000000000000000000e+00 6.000000000000000999e-06 9.000000000000001922e-06 0.000000000000000000e+00
6.000000000000000999e-06 9.000000000000001922e-06 0.000000000000000000e+00 7.000000000000000742e-06 9.000000000000001922e-06 0.000000000000000000e+00
7.000000000000000742e-06 9.000000000000001922e-06 0.000000000000000000e+00 8.000000000000001332e-06 9.000000000000001922e-06 0.000000000000000000e+00
8.000000000000001332e-06 9.000000000000001922e-06 0.000000000000000000e+00 9.000000000000001922e-06 9.000000000000001922e-06 0.000000000000000000e+00
9.000000000000001922e-06 9.000000000000001922e-06 0.000000000000000000e+00 1.000000000000000251e-05 9.000000000000001922e-06 0.000000000000000000e+00
9.000000000000001922e-06 9.000000000000001922e-06 1.000000000000000167e-06 1.000000000000000251e-05 9.000000000000001922e-06 1.000000000000000167e-06
9.000000000000001922e-06 9.000000000000001922e-06 2.000000000000000333e-06 1.000000000000000251e-05 9.000000000000001922e-06 2.000000000000000333e-06
9.000000000000001922e-06 9.000000000000001922e-06 3.000000000000000500e-06 1.000000000000000251e-05 9.000000000000001922e-06 3.000000000000000500e-06
9.000000000000001922e-06 9.000000000000001922e-06 4.000000000000000666e-06 1.000000000000000251e-05 9.000000000000001922e-06 4.000000000000000666e-06
9.000000000000001922e-06 9.000000000000001922e-06 5.000000000000001256e-06 1.000000000000000251e-05 9.000000000000001922e-06 5.000000000000001256e-06
9.000000000000001922e-06 9.000000000000001922e-06 6.000000000000000999e-06 1.000000000000000251e-05 9.000000000000001922e-06 6.000000000000000999e-06
9.000000000000001922e-06 9.000000000000001922e-06 7.000000000000000742e-06 1.000000000000000251e-05 9.000000000000001922e-06 7.000000000000000742e-06
9.000000000000001922e-06 9.000000000000001922e-06 8.000000000000001332e-06 1.000000000000000251e-05 9.000000000000001922e-06 8.000000000000001332e-06
9.000000000000001922e-06 9.000000000000001922e-06 9.000000000000001922e-06 1.000000000000000251e-05 9.000000000000001922e-06 9.000000000000001922e-06
9.000000000000001922e-06 9.000000000000001922e-06 1.000000000000000251e-05 1.000000000000000251e-05 9.000000000000001922e-06 1.000000000000000251e-05
9.000000000000001922e-06 9.000000000000001922e-06 1.100000000000000141e-05 1.000000000000000251e-05 9.000000000000001922e-06 1.100000000000000141e-05
9.000000000000001922e-06 9.000000000000001922e-06 1.200000000000000200e-05 1.000000000000000251e-05 9.000000000000001922e-06 1.200000000000000200e-05
9.000000000000001922e-06 9.000000000000001922e-06 1.300000000000000259e-05 1.000000000000000251e-05 9.000000000000001922e-06 1.300000000000000259e-05
9.000000000000001922e-06 9.000000000000001922e-06 1.400000000000000148e-05 1.000000000000000251e-05 9.000000000000001922e-06 1.400000000000000148e-05
9.000000000000001922e-06 9.000000000000001922e-06 1.500000000000000207e-05 1.000000000000000251e-05 9.000000000000001922e-06 1.500000000000000207e-05
9.000000000000001922e-06 9.000000000000001922e-06 1.600000000000000266e-05 1.000000000000000251e-05 9.000000000000001922e-06 1.600000000000000266e-05
9.000000000000001922e-06 9.000000000000001922e-06 1.700000000000000325e-05 1.000000000000000251e-05 9.000000000000001922e-06 1.700000000000000325e-05
9.000000000000001922e-06 9.000000000000001922e-06 1.800000000000000384e-05 1.000000000000000251e-05 9.000000000000001922e-06 1.800000000000000384e-05
9.000000000000001922e-06 9.000000000000001922e-06 1.900000000000000443e-05 1.000000000000000251e-05 9.000000000000001922e-06 1.900000000000000443e-05
1.000000000000000251e-05 9.000000000000001922e-06 0.000000000000000000e+00 1.100000000000000141e-05 9.000000000000001922e-06 0.000000000000000000e+00
1.000000000000000251e-05 9.000000000000001922e-06 1.000000000000000167e-06 1.100000000000000141e-05 9.000000000000001922e-06 1.000000000000000167e-06
1.000000000000000251e-05 9.000000000000001922e-06 2.000000000000000333e-06 1.100000000000000141e-05 9.000000000000001922e-06 2.000000000000000333e-06
1.000000000000000251e-05 9.000000000000001922e-06 3.000000000000000500e-06 1.100000000000000141e-05 9.000000000000001922e-06 3.000000000000000500e-06
1.000000000000000251e-05 9.000000000000001922e-06 4.000000000000000666e-06 1.100000000000000141e-05 9.000000000000001922e-06 4.000000000000000666e-06
1.000000000000000251e-05 9.000000000000001922e-06 5.000000000000001256e-06 1.100000000000000141e-05 9.000000000000001922e-06 5.000000000000001256e-06
1.000000000000000251e-05 9.000000000000001922e-06 6.000000000000000999e-06 1.100000000000000141e-05 9.000000000000001922e-06 6.000000000000000999e-06
1.000000000000000251e-05 9.000000000000001922e-06 7.000000000000000742e-06 1.100000000000000141e-05 9.000000000000001922e-06 7.000000000000000742e-06
1.000000000000000251e-05 9.000000000000001922e-06 8.000000000000001332e-06 1.100000000000000141e-05 9.000000000000001922e-06 8.000000000000001332e-06
1.000000000000000251e-05 9.000000000000001922e-06 9.000000000000001922e-06 1.100000000000000141e-05 9.000000000000001922e-06 9.000000000000001922e-06
1.000000000000000251e-05 9.000000000000001922e-06 1.000000000000000251e-05 1.100000000000000141e-05 9.000000000000001922e-06 1.000000000000000251e-05
1.000000000000000251e-05 9.000000000000001922e-06 1.100000000000000141e-05 1.100000000000000141e-05 9.000000000000001922e-06 1.100000000000000141e-05
1.000000000000000251e-05 9.000000000000001922e-06 1.200000000000000200e-05 1.100000000000000141e-05 9.000000000000001922e-06 1.200000000000000200e-05
1.000000000000000251e-05 9.000000000000001922e-06 1.300000000000000259e-05 1.100000000000000141e-05 9.000000000000001922e-06 1.300000000000000259e-05
1.000000000000000251e-05 9.000000000000001922e-06 1.400000000000000148e-05 1.100000000000000141e-05 9.000000000000001922e-06 1.400000000000000148e-05
1.000000000000000251e-05 9.000000000000001922e-06 1.500000000000000207e-05 1.100000000000000141e-05 9.000000000000001922e-06 1.500000000000000207e-05
1.000000000000000251e-05 9.000000000000001922e-06 1.600000000000000266e-05 1.100000000000000141e-05 9.000000000000001922e-06 1.600000000000000266e-05
1.000000000000000251e-05 9.000000000000001922e-06 1.700000000000000325e-05 1.100000000000000141e-05 9.000000000000001922e-06 1.700000000000000325e-05
1.000000000000000251e-05 9.000000000000001922e-06 1.800000000000000384e-05 1.100000000000000141e-05 9.000000000000001922e-06 1.800000000000000384e-05
1.000000000000000251e-05 9.000000000000001922e-06 1.900000000000000443e-05 1.100000000000000141e-05 9.000000000000001922e-06 1.900000000000000443e-05
